grid 64 60 4
cell_dimensions 0.01 0.01 0.01

flow incompressible
xy_boundary free_slip
yz_boundary free_slip
zx_boundary free_slip
viscosity 0.001
gravity 0.5

initial_particles middle uniform
density 10

initial_velocity zero

v 31 0 0 4

barrier_cells
c 0 29 0
c 63 29 0
c 0 29 1
c 63 29 1
c 0 29 2
c 63 29 2
c 0 29 3
c 63 29 3
c 1 28 0
c 62 28 0
c 1 28 1
c 62 28 1
c 1 28 2
c 62 28 2
c 1 28 3
c 62 28 3
c 2 27 0
c 61 27 0
c 2 27 1
c 61 27 1
c 2 27 2
c 61 27 2
c 2 27 3
c 61 27 3
c 3 26 0
c 60 26 0
c 3 26 1
c 60 26 1
c 3 26 2
c 60 26 2
c 3 26 3
c 60 26 3
c 4 25 0
c 59 25 0
c 4 25 1
c 59 25 1
c 4 25 2
c 59 25 2
c 4 25 3
c 59 25 3
c 5 24 0
c 58 24 0
c 5 24 1
c 58 24 1
c 5 24 2
c 58 24 2
c 5 24 3
c 58 24 3
c 6 23 0
c 57 23 0
c 6 23 1
c 57 23 1
c 6 23 2
c 57 23 2
c 6 23 3
c 57 23 3
c 7 22 0
c 56 22 0
c 7 22 1
c 56 22 1
c 7 22 2
c 56 22 2
c 7 22 3
c 56 22 3
c 8 21 0
c 55 21 0
c 8 21 1
c 55 21 1
c 8 21 2
c 55 21 2
c 8 21 3
c 55 21 3
c 9 20 0
c 54 20 0
c 9 20 1
c 54 20 1
c 9 20 2
c 54 20 2
c 9 20 3
c 54 20 3
c 10 19 0
c 53 19 0
c 10 19 1
c 53 19 1
c 10 19 2
c 53 19 2
c 10 19 3
c 53 19 3
c 11 18 0
c 52 18 0
c 11 18 1
c 52 18 1
c 11 18 2
c 52 18 2
c 11 18 3
c 52 18 3
c 12 17 0
c 51 17 0
c 12 17 1
c 51 17 1
c 12 17 2
c 51 17 2
c 12 17 3
c 51 17 3
c 13 16 0
c 50 16 0
c 13 16 1
c 50 16 1
c 13 16 2
c 50 16 2
c 13 16 3
c 50 16 3
c 14 15 0
c 49 15 0
c 14 15 1
c 49 15 1
c 14 15 2
c 49 15 2
c 14 15 3
c 49 15 3
c 15 14 0
c 48 14 0
c 15 14 1
c 48 14 1
c 15 14 2
c 48 14 2
c 15 14 3
c 48 14 3
c 16 13 0
c 47 13 0
c 16 13 1
c 47 13 1
c 16 13 2
c 47 13 2
c 16 13 3
c 47 13 3
c 17 12 0
c 46 12 0
c 17 12 1
c 46 12 1
c 17 12 2
c 46 12 2
c 17 12 3
c 46 12 3
c 18 11 0
c 45 11 0
c 18 11 1
c 45 11 1
c 18 11 2
c 45 11 2
c 18 11 3
c 45 11 3
c 19 10 0
c 44 10 0
c 19 10 1
c 44 10 1
c 19 10 2
c 44 10 2
c 19 10 3
c 44 10 3
c 20 9 0
c 43 9 0
c 20 9 1
c 43 9 1
c 20 9 2
c 43 9 2
c 20 9 3
c 43 9 3
c 21 8 0
c 42 8 0
c 21 8 1
c 42 8 1
c 21 8 2
c 42 8 2
c 21 8 3
c 42 8 3
c 22 7 0
c 41 7 0
c 22 7 1
c 41 7 1
c 22 7 2
c 41 7 2
c 22 7 3
c 41 7 3
c 23 6 0
c 40 6 0
c 23 6 1
c 40 6 1
c 23 6 2
c 40 6 2
c 23 6 3
c 40 6 3
c 24 5 0
c 39 5 0
c 24 5 1
c 39 5 1
c 24 5 2
c 39 5 2
c 24 5 3
c 39 5 3
c 25 4 0
c 38 4 0
c 25 4 1
c 38 4 1
c 25 4 2
c 38 4 2
c 25 4 3
c 38 4 3
c 26 3 0
c 37 3 0
c 26 3 1
c 37 3 1
c 26 3 2
c 37 3 2
c 26 3 3
c 37 3 3
c 27 2 0
c 36 2 0
c 27 2 1
c 36 2 1
c 27 2 2
c 36 2 2
c 27 2 3
c 36 2 3
c 28 1 0
c 35 1 0
c 28 1 1
c 35 1 1
c 28 1 2
c 35 1 2
c 28 1 3
c 35 1 3
c 29 0 0
c 34 0 0
c 29 0 1
c 34 0 1
c 29 0 2
c 34 0 2
c 29 0 3
c 34 0 3
